100 100
5 45
87 63
88 58
4 7
94 7
34 92
27 7
49 35
38 14
17 47
83 86
79 91
24 87
18 69
91 22
10 33
65 61
30 67
79 46
56 25
99 3
90 95
81 49
68 62
5 56
85 71
45 65
54 2
8 55
21 75
42 21
0 99
61 28
46 16
83 84
57 99
51 63
14 15
16 81
30 36
61 32
83 89
95 72
3 48
28 31
84 35
12 85
92 21
19 41
3 23
91 38
12 38
38 10
7 9
67 57
1 14
25 4
32 85
37 54
82 68
35 18
23 34
41 33
63 57
36 45
51 15
53 21
83 58
21 89
23 26
34 57
13 27
88 34
76 63
40 63
36 28
56 51
34 47
47 67
14 88
98 26
32 49
51 34
19 3
23 31
55 80
6 21
2 32
43 55
0 97
38 60
39 25
1 25
4 94
50 53
61 30
28 46
78 25
0 77
41 32
