100 200
0 5
87 7
24 60
50 13
51 65
61 1
92 93
80 9
21 48
22 97
88 92
7 2
98 1
77 90
18 14
31 71
65 71
67 18
65 81
71 85
35 70
58 71
5 27
47 29
9 28
27 82
43 15
93 46
1 89
2 41
78 73
10 54
94 77
6 2
72 69
64 42
61 24
59 61
26 9
88 6
83 48
48 7
0 13
51 12
39 14
53 76
64 51
95 81
24 73
78 61
93 37
84 65
42 83
3 51
94 54
92 63
68 23
10 64
57 56
74 18
58 47
0 78
48 65
96 20
14 12
55 47
74 37
53 39
35 23
36 3
93 0
83 95
15 80
73 63
56 92
49 84
23 40
13 38
42 87
17 30
14 47
24 83
85 62
67 74
66 86
66 46
30 7
74 44
43 80
58 7
29 95
19 0
2 96
92 33
61 10
89 47
30 59
83 68
41 61
2 92
23 3
9 20
33 66
40 77
32 27
13 75
80 30
92 51
44 9
80 37
59 33
57 34
36 86
97 25
48 50
54 62
8 97
99 5
28 17
56 40
85 51
55 73
24 56
32 28
30 89
57 22
14 43
18 57
88 35
67 32
41 95
21 86
57 3
16 59
21 18
30 34
36 80
25 23
61 54
58 74
98 81
32 44
20 58
8 74
65 8
64 54
83 11
5 12
45 79
70 20
95 74
99 60
82 12
4 45
97 5
99 76
74 2
79 84
59 69
26 49
41 53
28 13
77 69
71 14
35 60
90 3
65 1
46 40
42 78
64 26
99 1
8 92
58 97
79 16
68 88
1 60
30 83
62 63
40 0
78 24
41 23
61 74
37 33
64 24
60 51
73 59
15 83
69 12
11 67
87 23
53 9
18 95
22 83
31 61
67 23
11 30
26 59
13 3
48 92
16 42
